vpn
mail
www
office-router
dns
vpn2
webmail
ftp
barracuda
voip
www.3805
www.2935
www.1377
www.1615
www.1610
www.2915
www.1385
www.4610
www.4931
www.1055
www.2330
www.1350
www.4630
www.2305
www.1660
www.2610
www.4935
www.1010
www.1285
www.4635
www.3426
www.31230
www.4910
www.3930
www.3413
www.1030
camera
sslvpn
3630
1015
0668
1430
2910
1380
3439
3960
2950
1355
1351
2935
1615
2810
5962
2805
4330
3426
3650
1260
1410
1930
41
3710
1356
30
1115
1660
1075
2www
3611
1005
1285
2995
3830
1080
2305
2815
1990
3419
1338
1830
1710
1450
1365
1095
3415
3424
1935
3694
3412
3915
3610
2350
8
1265
1337
1560
1290
1035
2930
4921
2630
1070
1352
1367
3413
1190
1375
1630
www.3416
2990
10
1390
5
3414
3455
1145
3444
3470
2355
1550
3465
2915
3461
3695
1336
2610
3670
3417
3590
www.4110
link
www.4810
3416
2330
1287
www.4510
1650
1377
1135
4210
1670
5133
1398
3www
3895
2835
3530
1510
4530
3030
4930
3110
0001
4510
4460
1361
5670
4450
3010
1680
3418
3605
5306
3130
1055
3432
2830
4810
1360
0
4430
3460
3510
4818
3441
3950
1030
3431
4130
4710
www.5331
3815
1010
www.5810
www.1305
